% http://colorbrewer2.org/#type=diverging&scheme=BrBG&n=10
% partBarColorSet = [
% 191,129,45
% 223,194,125
% 246,232,195
% 199,234,229
% 128,205,193
% 53,151,143
% ]/256;
% partBarColorSet = [partBarColorSet;partBarColorSet*0.5];
partBarColorSet=[
    224,224,224
    178,171,210
    ]/256;

balLevColorSet = [
    255,245,240
    254,224,210
    252,187,161
    252,146,114
    251,106,74
    239,59,44
    203,24,29
    165,15,21
    ]/256;

flowRedColorSet = [
    252,251,253
    239,237,245
    218,218,235
    188,189,220
    158,154,200
    128,125,186
    106,81,163
    ]/256;

pumpSpeedColorSet = [
    247,252,253
    229,245,249
    204,236,230
    153,216,201
    102,194,164
    65,174,118
    35,139,69
    0,109,44
    ]/256;

intervTypeColorSet = [
    246,232,195
    128,205,193
    191,129,45
    199,234,229
    223,194,125
    53,151,143
    ]/256;

 