green = [49,163,84]/256;
% red = []/256;
% orange = []/256;
